0.0 0.0 0.0 0.0 0.0 0.0 0.0 1.0
1.4333333333333333 0.03712863475084305 0.09010530263185501 -0.3769383132457733 0.2893071174621582 -0.0021101217716932297 -0.015620721504092216 0.9571067094802856
2.4 0.016595136374235153 0.12180425971746445 -0.4762214720249176 0.535357654094696 0.03477007895708084 0.014939791522920132 0.8437777757644653
3.1 0.08883599936962128 -0.020111773163080215 -0.5750824213027954 0.6682604551315308 0.07734934985637665 0.06749387085437775 0.7368106245994568
3.466666666666667 0.042451586574316025 0.26997461915016174 -0.7155103087425232 0.7091602087020874 0.10416603088378906 0.10969065129756927 0.6886283755302429
4.1 0.0041696978732943535 0.2818565368652344 -0.7013673186302185 0.6701646447181702 0.22300995886325836 0.22635510563850403 0.6707528233528137
4.866666666666666 0.07446804642677307 0.06648902595043182 -0.732437789440155 0.5944783091545105 0.3171510696411133 0.37663254141807556 0.6357343792915344
5.6 0.18764418363571167 -0.06017860025167465 -0.7442107796669006 0.5218214392662048 0.39113858342170715 0.5018011331558228 0.5682507753372192
6.666666666666667 -0.06855546683073044 -0.20950733125209808 -0.6615107655525208 0.4089721739292145 0.4160427451133728 0.6521947979927063 0.4840383231639862
7.2 -0.32992205023765564 -0.14114630222320557 -0.6710654497146606 0.32550445199012756 0.45250460505485535 0.722533106803894 0.4089418947696686
7.633333333333334 -0.43054673075675964 -0.02432340942323208 -0.6221351027488708 0.23840753734111786 0.4989441931247711 0.7795432209968567 0.29415860772132874
7.966666666666667 -0.4333289861679077 0.09000417590141296 -0.6426490545272827 0.15486642718315125 0.5324338674545288 0.8096115589141846 0.1925095021724701
8.4 -0.42542025446891785 0.1391230970621109 -0.6747027635574341 0.05025823414325714 0.5628960132598877 0.8230758309364319 0.05628616362810135
8.7 -0.48589569330215454 0.18567264080047607 -0.7044797539710999 -0.0019967476837337017 0.5439473986625671 0.8389239311218262 -0.01800457574427128
8.866666666666667 -0.5179786086082458 0.25432515144348145 -0.6825503706932068 -0.03224531561136246 0.5419789552688599 0.8377954959869385 -0.05759542062878609
8.933333333333334 -0.5423732995986938 0.2822279930114746 -0.6751946210861206 -0.039385098963975906 0.5406147837638855 0.8379473090171814 -0.06347379833459854
9.266666666666667 -0.6342261433601379 0.4092474579811096 -0.6217597126960754 -0.0909835621714592 0.535216748714447 0.8293241858482361 -0.13223648071289062
9.566666666666666 -0.6945331692695618 0.4726751446723938 -0.591914176940918 -0.16408555209636688 0.5117717981338501 0.8118887543678284 -0.22804047167301178
10.3 -0.4850791096687317 0.458932489156723 -0.6330484747886658 -0.3187006413936615 0.4769711494445801 0.7117385268211365 -0.4054097533226013
